7
1
2
3 6 10 12 0 -1
3 9 10 6 0 2
haar_y4
3.505658e-002 0 -1
-9.459460e-001 8.139536e-001 
1
2
10 5 8 5 0 -1
10 5 4 5 0 2
haar_x2
5.405662e-004 0 -1
-9.788557e-001 5.881686e-001 
1
3
5 5 10 16 0 -1
5 5 5 8 0 2
10 13 5 8 0 2
haar_x2_y2
-2.551433e-002 0 -1
7.163746e-001 -9.921545e-001 
1
2
20 0 4 7 0 -1
21 0 2 7 0 2
haar_x4
-2.475767e-003 0 -1
6.259736e-001 -9.192719e-001 
1
2
5 5 1 15 0 -1
5 10 1 5 0 3
haar_y3
4.652768e-003 0 -1
-9.915500e-001 7.102002e-001 
1
2
19 1 4 12 0 -1
19 1 2 12 0 2
haar_x2
1.451184e-002 0 -1
-9.306984e-001 6.235148e-001 
1
2
7 12 9 12 0 -1
7 16 9 4 0 3
haar_y3
-1.474519e-003 0 -1
8.310673e-001 -9.999995e-001 
2.427697e-001

3
-1
