7
1
2
0 0 4 13 0 -1
1 0 2 13 0 2
haar_x4
-2.443109e-002 0 -1
8.227848e-001 -5.371903e-001 
1
2
14 1 8 5 0 -1
16 3 4 5 0 2
tilted_haar_y4
7.780924e-003 0 -1
1.289702e-001 -8.360522e-001 
1
2
5 7 10 3 0 -1
10 7 5 3 0 2
haar_x2
1.283925e-002 0 -1
-8.960154e-001 4.658211e-001 
1
2
0 0 24 2 0 -1
6 0 12 2 0 2
haar_x4
4.306223e-002 0 -1
-6.350927e-001 6.817591e-001 
1
2
7 6 4 6 0 -1
5 8 4 2 0 3
tilted_haar_y3
2.120580e-002 0 -1
-8.058674e-001 5.362875e-001 
1
3
14 18 4 6 0 -1
16 18 2 3 0 2
14 21 2 3 0 2
haar_x2_y2
1.009019e-002 0 -1
2.670004e-002 -6.189260e-001 
1
3
6 18 4 6 0 -1
6 18 2 3 0 2
8 21 2 3 0 2
haar_x2_y2
1.905554e-003 0 -1
-7.302562e-001 4.773892e-001 
-9.242545e-001

5
-1
