6
1
2
6 7 12 6 0 -1
6 10 12 3 0 2
haar_y2
4.168954e-002 0 -1
-9.074074e-001 3.356165e-001 
1
2
0 2 24 1 0 -1
6 2 12 1 0 2
haar_x4
2.946457e-002 0 -1
-4.799156e-001 6.331633e-001 
1
2
5 4 8 16 0 -1
7 4 4 16 0 2
haar_x4
-2.077078e-002 0 -1
5.322503e-001 -6.677169e-001 
1
2
20 0 4 23 0 -1
21 0 2 23 0 2
haar_x4
-1.938258e-002 0 -1
4.018186e-001 -2.655611e-001 
1
3
5 18 6 6 0 -1
5 18 3 3 0 2
8 21 3 3 0 2
haar_x2_y2
3.848630e-003 0 -1
-5.925735e-001 5.348447e-001 
1
2
21 0 3 14 0 -1
22 0 1 14 0 3
haar_x3
-2.706252e-002 0 -1
6.407965e-001 -2.602262e-001 
-1.029354e+000

7
-1
