10
1
2
2 2 12 1 0 -1
5 2 6 1 0 2
haar_x4
1.207604e-003 0 -1
-6.862746e-001 4.251013e-001 
1
2
12 5 1 10 0 -1
12 5 1 5 0 2
tilted_haar_x2
-2.793210e-005 0 -1
9.030845e-002 -6.778268e-001 
1
2
0 0 3 14 0 -1
1 0 1 14 0 3
haar_x3
-1.761040e-002 0 -1
6.602722e-001 -4.595966e-001 
1
2
12 12 4 7 0 -1
13 13 2 7 0 2
tilted_haar_y4
-4.168614e-003 0 -1
2.864385e-001 -2.749229e-001 
1
2
12 12 7 4 0 -1
11 13 7 2 0 2
tilted_haar_y4
-4.543529e-003 0 -1
5.218694e-001 -5.805547e-001 
1
2
20 5 3 4 0 -1
20 7 3 2 0 2
haar_y2
8.971777e-004 0 -1
-4.807276e-001 3.108143e-001 
1
2
11 6 2 8 0 -1
11 6 1 8 0 2
tilted_haar_x2
-6.891420e-003 0 -1
4.543253e-001 -6.710128e-001 
1
2
20 6 3 2 0 -1
20 7 3 1 0 2
haar_y2
3.091040e-003 0 -1
3.023908e-002 -5.990571e-001 
1
2
1 6 3 2 0 -1
1 7 3 1 0 2
haar_y2
2.467091e-004 0 -1
-6.106361e-001 4.698045e-001 
1
2
19 12 1 2 0 -1
19 13 1 1 0 2
haar_y2
-4.237283e-004 0 -1
-6.908856e-001 2.523486e-001 
-1.190520e+000

11
-1
