9
1
2
1 0 6 4 0 -1
4 0 3 4 0 2
haar_x2
2.157062e-002 0 -1
-4.811716e-001 7.142859e-001 
1
2
12 11 2 9 0 -1
12 11 1 9 0 2
tilted_haar_y2
4.939022e-003 0 -1
-8.796117e-002 1.573558e-001 
1
3
4 22 12 2 0 -1
4 22 6 1 0 2
10 23 6 1 0 2
haar_x2_y2
1.441194e-003 0 -1
-5.134974e-001 5.578808e-001 
1
2
13 0 6 13 0 -1
15 2 2 13 0 3
tilted_haar_y3
6.766858e-004 0 -1
-3.405814e-001 4.506404e-002 
1
2
11 0 13 6 0 -1
9 2 13 2 0 3
tilted_haar_y3
2.319443e-003 0 -1
-9.343284e-001 2.821187e-001 
1
2
20 5 4 16 0 -1
21 5 2 16 0 2
haar_x4
-7.568910e-003 0 -1
2.299984e-001 -3.465402e-001 
1
2
11 6 2 3 0 -1
12 6 1 3 0 2
haar_x2
1.438626e-003 0 -1
-4.792424e-001 6.040356e-001 
1
2
19 1 2 3 0 -1
19 1 1 3 0 2
tilted_haar_y2
2.636614e-004 0 -1
-5.142180e-001 2.375564e-001 
1
2
9 8 2 2 0 -1
9 8 2 1 0 2
tilted_haar_y2
-4.700378e-004 0 -1
3.463740e-001 -9.117295e-001 
-1.312864e+000

10
-1
