7
1
2
6 4 1 14 0 -1
6 11 1 7 0 2
haar_y2
6.863362e-003 0 -1
-8.373984e-001 3.718413e-001 
1
2
8 0 15 6 0 -1
13 2 5 2 0 9
haar_point
2.420746e-002 0 -1
-7.048464e-001 2.659190e-001 
1
2
0 1 4 21 0 -1
1 1 2 21 0 2
haar_x4
-1.168960e-002 0 -1
4.478775e-001 -6.908330e-001 
1
2
17 1 4 15 0 -1
17 1 2 15 0 2
tilted_haar_y2
2.100356e-005 0 -1
-4.776592e-001 1.357299e-001 
1
2
6 6 8 5 0 -1
10 6 4 5 0 2
haar_x2
2.108061e-002 0 -1
-8.387812e-001 3.313425e-001 
1
2
12 1 9 3 0 -1
15 2 3 1 0 9
haar_point
4.182562e-003 0 -1
-4.392827e-001 2.272350e-001 
1
2
3 8 12 6 0 -1
3 10 12 2 0 3
haar_y3
1.093244e-002 0 -1
-9.260123e-001 3.022801e-001 
-1.307158e+000

9
-1
