9
1
2
11 1 12 1 0 -1
15 5 4 1 0 3
tilted_haar_x3
-3.320559e-002 0 -1
5.064936e-001 -6.923079e-001 
1
2
19 2 4 12 0 -1
19 2 2 12 0 2
haar_x2
2.381586e-002 0 -1
-3.554680e-001 3.777527e-001 
1
2
7 16 4 4 0 -1
7 18 4 2 0 2
haar_y2
-3.389698e-003 0 -1
4.590671e-001 -5.750069e-001 
1
3
19 4 4 20 0 -1
21 4 2 10 0 2
19 14 2 10 0 2
haar_x2_y2
2.523404e-002 0 -1
-1.133169e-001 7.360945e-001 
1
3
1 4 4 20 0 -1
1 4 2 10 0 2
3 14 2 10 0 2
haar_x2_y2
-2.312388e-002 0 -1
7.783791e-001 -4.155470e-001 
1
2
10 5 8 7 0 -1
10 5 4 7 0 2
haar_x2
1.606352e-002 0 -1
-4.299076e-001 1.962407e-001 
1
2
1 10 22 3 0 -1
12 10 11 3 0 2
haar_x2
3.587532e-002 0 -1
-4.507778e-001 7.385436e-001 
1
2
19 13 2 2 0 -1
19 14 2 1 0 2
haar_y2
-1.640707e-005 0 -1
2.813738e-001 -4.289229e-001 
1
2
3 13 2 2 0 -1
3 14 2 1 0 2
haar_y2
-1.075929e-004 0 -1
3.543080e-001 -7.449293e-001 
-1.291478e+000

8
-1
